{
    "MCP Server": {
        "descriptions": [
            "A local middleware Node.js application for Windows that enables seamless communication between LLM-based tools like Copilot Agents, providing access to local guide files and custom prompts through built-in tools.",
            "A Model Context Protocol server that provides greeting tools, resources, and prompts, demonstrating client-server interaction using TypeScript.",
            "Model Context Protocol server that enables API test automation across various AI hosts (Claude, OpenAI, custom) using Postman Collections.",
            "The MCP Server integrates APIs from the Youtube-Summarizer as tools within the MCP protocol, allowing for local AI application interaction and tool utilization through natural language queries.",
            "A Node In Layers package that simplifies creation of MCP (Model-Control-Protocol) servers with tools for defining models, adding CRUD operations, and interacting with clients.",
            "A server that enables AI assistants like Claude to safely run Python code and access websites, processing data for better AI understanding while providing helpful error messages.",
            "A Machine Context Protocol server that enables Claude AI to interact with tools through a structured communication interface, following standard MCP patterns with server initialization and stdio transport.",
            "This TypeScript-based MCP server allows users to manage a simple notes system through creating and summarizing text notes using Model Context Protocol (MCP).",
            "Facilitates multi-client processing for high-performance operations within the DigitalFate framework, enabling advanced automation through task orchestration and agent integration.",
            "A FastAPI-based Model Context Protocol server that exposes herd data through a discoverable API, with local and containerized deployment options.",
            "A server implementing Model Coupling Protocol for HDF5 file operations, Slurm job management, hardware monitoring, and data compression.",
            "Provides browser automation capabilities through an API endpoint that interprets natural language commands to perform web tasks using OpenAI's GPT models.",
            "A Django-based implementation of the Model Context Protocol (MCP) for managing political preferences and visions for the future.",
            "A Node.js/TypeScript server implementing the Model Context Protocol that provides integrations with GitHub and Notion, allowing automated workflow between these platforms via API endpoints.",
            "A production-grade Model Context Protocol server that enables secure management of context data through a React dashboard, supporting ZIP processing, context approval workflows, and system monitoring.",
            "A server that generates Master Content Plans (MCPs) by aggregating web resources and organizing them into structured learning paths for any topic.",
            "A multi-functional computing platform server designed to integrate with large language models like Qwen, providing file access, database connections, API integration, and vector database functionality.",
            "Implements the Model Context Protocol (MCP) to provide AI models with a standardized interface for connecting to external data sources and tools like file systems, databases, or APIs."
        ],
        "links": [
            "https://glama.ai/mcp/servers/@michalpawlik93/mcpLocalServer",
            "https://glama.ai/mcp/servers/@sanketshinde3001/MCP",
            "https://glama.ai/mcp/servers/@foxywolf-hub/mcp-server1",
            "https://glama.ai/mcp/servers/@kabir-ti/youtube-summarizer-mcp",
            "https://glama.ai/mcp/servers/@Node-In-Layers/mcp-server",
            "https://glama.ai/mcp/servers/@tcpipuk/mcp-server",
            "https://glama.ai/mcp/servers/@johnleider/mcp",
            "https://glama.ai/mcp/servers/@seonglae/mcp-notion",
            "https://glama.ai/mcp/servers/@Martposting/DigitalFate",
            "https://glama.ai/mcp/servers/@DPoitrast/MCP",
            "https://glama.ai/mcp/servers/@zchaffee1/mcp-server",
            "https://glama.ai/mcp/servers/@jonnyhoff/mcp-browser-use",
            "https://glama.ai/mcp/servers/@hburgoyne/picard_mcp",
            "https://glama.ai/mcp/servers/@Nawaf-TBE/MCP",
            "https://glama.ai/mcp/servers/@the-real-therealorry/mcp-server",
            "https://glama.ai/mcp/servers/@cabrit0/mcp_server_reuneMacacada",
            "https://glama.ai/mcp/servers/@ningwenjie/mcp_server",
            "https://glama.ai/mcp/servers/@GobinFan/python-mcp-server-client"
        ],
        "avg_score": 0.8719440790606133,
        "matrix": [
            [
                1.0,
                0.8749222159385681,
                0.8664147257804871,
                0.8659721612930298,
                0.8626435995101929,
                0.8684505820274353,
                0.8659271597862244,
                0.8602797985076904,
                0.8628929853439331,
                0.8629876375198364,
                0.85724937915802,
                0.8604806661605835,
                0.8629674315452576,
                0.8732265830039978,
                0.8678353428840637,
                0.8539053797721863,
                0.8717243075370789,
                0.8563987612724304
            ],
            [
                0.8749222159385681,
                1.0,
                0.8765577673912048,
                0.8648066520690918,
                0.874387800693512,
                0.8638057112693787,
                0.8834972381591797,
                0.8785708546638489,
                0.8560333251953125,
                0.8808866143226624,
                0.8686383962631226,
                0.8657824397087097,
                0.8783249855041504,
                0.8900378346443176,
                0.8900554180145264,
                0.8580046892166138,
                0.8697546720504761,
                0.8635956645011902
            ],
            [
                0.8664147257804871,
                0.8765577673912048,
                1.0,
                0.8598611354827881,
                0.8564220666885376,
                0.8660820126533508,
                0.8716963529586792,
                0.8573077321052551,
                0.8596597909927368,
                0.868449330329895,
                0.8606725931167603,
                0.8743841648101807,
                0.8602719306945801,
                0.8790646195411682,
                0.8716277480125427,
                0.8498900532722473,
                0.8577929735183716,
                0.8601766228675842
            ],
            [
                0.8659721612930298,
                0.8648066520690918,
                0.8598611354827881,
                1.0,
                0.8614333868026733,
                0.855743944644928,
                0.8699597716331482,
                0.8733134269714355,
                0.8641769886016846,
                0.8614305853843689,
                0.8559408187866211,
                0.872861921787262,
                0.8606765270233154,
                0.8646020293235779,
                0.857961893081665,
                0.8493340015411377,
                0.8599001169204712,
                0.8640397787094116
            ],
            [
                0.8626435995101929,
                0.874387800693512,
                0.8564220666885376,
                0.8614333868026733,
                1.0,
                0.8516302704811096,
                0.8701042532920837,
                0.8738797903060913,
                0.8550937175750732,
                0.8621268272399902,
                0.8640955090522766,
                0.8555760979652405,
                0.8755162358283997,
                0.860643208026886,
                0.8710722923278809,
                0.860929012298584,
                0.8564010262489319,
                0.8711866736412048
            ],
            [
                0.8684505820274353,
                0.8638057112693787,
                0.8660820126533508,
                0.855743944644928,
                0.8516302704811096,
                1.0,
                0.8660575151443481,
                0.8455756902694702,
                0.8549880981445312,
                0.8540946245193481,
                0.8533452153205872,
                0.8661120533943176,
                0.8460714817047119,
                0.8558335304260254,
                0.8660697340965271,
                0.8578507304191589,
                0.8613224029541016,
                0.8550213575363159
            ],
            [
                0.8659271597862244,
                0.8834972381591797,
                0.8716963529586792,
                0.8699597716331482,
                0.8701042532920837,
                0.8660575151443481,
                1.0,
                0.8725561499595642,
                0.8521789312362671,
                0.8784696459770203,
                0.8551090359687805,
                0.8599753379821777,
                0.8717066049575806,
                0.8664918541908264,
                0.8760740160942078,
                0.8634903430938721,
                0.855113685131073,
                0.8773854970932007
            ],
            [
                0.8602797985076904,
                0.8785708546638489,
                0.8573077321052551,
                0.8733134269714355,
                0.8738797903060913,
                0.8455756902694702,
                0.8725561499595642,
                1.0,
                0.8521056175231934,
                0.8775359392166138,
                0.8581246137619019,
                0.8569627404212952,
                0.9009602069854736,
                0.8710876107215881,
                0.8772006034851074,
                0.8700817823410034,
                0.8477742075920105,
                0.8707058429718018
            ],
            [
                0.8628929853439331,
                0.8560333251953125,
                0.8596597909927368,
                0.8641769886016846,
                0.8550937175750732,
                0.8549880981445312,
                0.8521789312362671,
                0.8521056175231934,
                1.0,
                0.8519956469535828,
                0.8684123754501343,
                0.8625051975250244,
                0.8521521687507629,
                0.8582658171653748,
                0.8675469756126404,
                0.8453034162521362,
                0.8673370480537415,
                0.8518297076225281
            ],
            [
                0.8629876375198364,
                0.8808866143226624,
                0.868449330329895,
                0.8614305853843689,
                0.8621268272399902,
                0.8540946245193481,
                0.8784696459770203,
                0.8775359392166138,
                0.8519956469535828,
                1.0,
                0.8630262017250061,
                0.8630191683769226,
                0.877685010433197,
                0.8751611113548279,
                0.8889243006706238,
                0.8522006273269653,
                0.861253559589386,
                0.8656676411628723
            ],
            [
                0.85724937915802,
                0.8686383962631226,
                0.8606725931167603,
                0.8559408187866211,
                0.8640955090522766,
                0.8533452153205872,
                0.8551090359687805,
                0.8581246137619019,
                0.8684123754501343,
                0.8630262017250061,
                1.0,
                0.8520581722259521,
                0.8662199974060059,
                0.8628267645835876,
                0.8804771304130554,
                0.8516058325767517,
                0.8660925030708313,
                0.85340815782547
            ],
            [
                0.8604806661605835,
                0.8657824397087097,
                0.8743841648101807,
                0.872861921787262,
                0.8555760979652405,
                0.8661120533943176,
                0.8599753379821777,
                0.8569627404212952,
                0.8625051975250244,
                0.8630191683769226,
                0.8520581722259521,
                1.0,
                0.8593080043792725,
                0.867828369140625,
                0.8606700301170349,
                0.861598789691925,
                0.860496461391449,
                0.8570929765701294
            ],
            [
                0.8629674315452576,
                0.8783249855041504,
                0.8602719306945801,
                0.8606765270233154,
                0.8755162358283997,
                0.8460714817047119,
                0.8717066049575806,
                0.9009602069854736,
                0.8521521687507629,
                0.877685010433197,
                0.8662199974060059,
                0.8593080043792725,
                1.0,
                0.8761369585990906,
                0.8796742558479309,
                0.873814582824707,
                0.8481009602546692,
                0.8874877095222473
            ],
            [
                0.8732265830039978,
                0.8900378346443176,
                0.8790646195411682,
                0.8646020293235779,
                0.860643208026886,
                0.8558335304260254,
                0.8664918541908264,
                0.8710876107215881,
                0.8582658171653748,
                0.8751611113548279,
                0.8628267645835876,
                0.867828369140625,
                0.8761369585990906,
                1.0,
                0.8753038644790649,
                0.8480479121208191,
                0.8670932054519653,
                0.8664926290512085
            ],
            [
                0.8678353428840637,
                0.8900554180145264,
                0.8716277480125427,
                0.857961893081665,
                0.8710722923278809,
                0.8660697340965271,
                0.8760740160942078,
                0.8772006034851074,
                0.8675469756126404,
                0.8889243006706238,
                0.8804771304130554,
                0.8606700301170349,
                0.8796742558479309,
                0.8753038644790649,
                1.0,
                0.8533148765563965,
                0.8674004077911377,
                0.8640603423118591
            ],
            [
                0.8539053797721863,
                0.8580046892166138,
                0.8498900532722473,
                0.8493340015411377,
                0.860929012298584,
                0.8578507304191589,
                0.8634903430938721,
                0.8700817823410034,
                0.8453034162521362,
                0.8522006273269653,
                0.8516058325767517,
                0.861598789691925,
                0.873814582824707,
                0.8480479121208191,
                0.8533148765563965,
                1.0,
                0.8445343971252441,
                0.861333966255188
            ],
            [
                0.8717243075370789,
                0.8697546720504761,
                0.8577929735183716,
                0.8599001169204712,
                0.8564010262489319,
                0.8613224029541016,
                0.855113685131073,
                0.8477742075920105,
                0.8673370480537415,
                0.861253559589386,
                0.8660925030708313,
                0.860496461391449,
                0.8481009602546692,
                0.8670932054519653,
                0.8674004077911377,
                0.8445343971252441,
                1.0,
                0.8667348623275757
            ],
            [
                0.8563987612724304,
                0.8635956645011902,
                0.8601766228675842,
                0.8640397787094116,
                0.8711866736412048,
                0.8550213575363159,
                0.8773854970932007,
                0.8707058429718018,
                0.8518297076225281,
                0.8656676411628723,
                0.85340815782547,
                0.8570929765701294,
                0.8874877095222473,
                0.8664926290512085,
                0.8640603423118591,
                0.861333966255188,
                0.8667348623275757,
                1.0
            ]
        ]
    },
    "Notion MCP Server": {
        "descriptions": [
            "An MCP server that enables AI assistants to interact with the Notion API, allowing them to search, read, comment on, and create content in Notion workspaces through natural language commands.",
            "MCP Server for the Notion API, enabling Claude to interact with Notion workspaces.",
            "An integration server that enables LLMs to interact with Notion workspaces through Claude Desktop, optimizing token usage with Markdown conversion.",
            "A Model Context Protocol (MCP) server that exposes the official Notion SDK, allowing AI models to interact with Notion workspaces.",
            "Enables Language Models to interact with Notion workspaces through standardized tools for searching, reading, creating, and updating pages and databases.",
            "A Model Context Protocol server that connects Claude and other AI assistants to your Notion workspace, allowing AIs to interact with databases, pages, and blocks.",
            "A simple server that integrates with Claude to allow querying and manipulating Notion pages and databases through natural language prompts.",
            "A custom server that provides a REST API interface for Notion, allowing easy access to Notion's functionality through Cursor's MCP feature.",
            "A Model Context Protocol server that enables Claude and other LLMs to interact with Notion workspaces, providing capabilities like searching, retrieving, creating and updating pages, as well as managing databases.",
            "A Model Context Protocol server that provides a standardized interface for interacting with Notion's API, enabling users to list databases, create pages, and search across their Notion workspace.",
            "A Model Context Protocol server that connects AI assistants like Claude to Notion workspaces, enabling them to view, search, create, and update Notion databases, pages, and content blocks.",
            "A filesystem Model Context Protocol server that provides Claude Desktop with capabilities to read, write, and manipulate files on your system.",
            "A Model Context Protocol server that provides a standardized interface for AI models to access, query, and modify content in Notion workspaces."
        ],
        "links": [
            "https://glama.ai/mcp/servers/@makenotion/notion-mcp-server",
            "https://glama.ai/mcp/servers/@suekou/mcp-notion-server",
            "https://glama.ai/mcp/servers/@kimjungyeol/mcp-notion-server",
            "https://glama.ai/mcp/servers/@ramidecodes/mcp-server-notion",
            "https://glama.ai/mcp/servers/@v-3/notion-server",
            "https://glama.ai/mcp/servers/@Sjotie/notionMCP",
            "https://glama.ai/mcp/servers/@arre-ankit/notion-mcp-server",
            "https://glama.ai/mcp/servers/@HariFatherKR/notion_mcp_server",
            "https://glama.ai/mcp/servers/@SAhmadUmass/notion-mcp-server",
            "https://glama.ai/mcp/servers/@ccabanillas/notion-mcp",
            "https://glama.ai/mcp/servers/@emmanuelsystems/mcpnotionslack",
            "https://glama.ai/mcp/servers/@tkc/notion-mcp",
            "https://glama.ai/mcp/servers/@ghubnerr/Notion-MCP"
        ],
        "avg_score": 0.9075765362858067,
        "matrix": [
            [
                1.0,
                0.9122189879417419,
                0.8943706154823303,
                0.9103176593780518,
                0.9123319983482361,
                0.9019079208374023,
                0.903144359588623,
                0.9050918221473694,
                0.9038296937942505,
                0.9192883968353271,
                0.9283841252326965,
                0.8821811676025391,
                0.9201887249946594
            ],
            [
                0.9122189879417419,
                1.0,
                0.9053183197975159,
                0.91057950258255,
                0.887199342250824,
                0.8916212320327759,
                0.8837573528289795,
                0.9061868190765381,
                0.8973507881164551,
                0.9009020924568176,
                0.8948574066162109,
                0.866818368434906,
                0.893363356590271
            ],
            [
                0.8943706154823303,
                0.9053183197975159,
                1.0,
                0.8904117941856384,
                0.8858410716056824,
                0.8823808431625366,
                0.8860006332397461,
                0.8926383256912231,
                0.8949014544487,
                0.8871825337409973,
                0.8816244006156921,
                0.8757333755493164,
                0.8920607566833496
            ],
            [
                0.9103176593780518,
                0.91057950258255,
                0.8904117941856384,
                1.0,
                0.8793001770973206,
                0.9111002087593079,
                0.8711794018745422,
                0.8995105028152466,
                0.9010395407676697,
                0.916020929813385,
                0.9098296761512756,
                0.8778800368309021,
                0.9286639094352722
            ],
            [
                0.9123319983482361,
                0.887199342250824,
                0.8858410716056824,
                0.8793001770973206,
                1.0,
                0.887014627456665,
                0.8949517607688904,
                0.8721197247505188,
                0.9164407253265381,
                0.9129072427749634,
                0.9160520434379578,
                0.8773214817047119,
                0.9111283421516418
            ],
            [
                0.9019079208374023,
                0.8916212320327759,
                0.8823808431625366,
                0.9111002087593079,
                0.887014627456665,
                1.0,
                0.8950542211532593,
                0.878084659576416,
                0.9213212132453918,
                0.9189680218696594,
                0.9432868957519531,
                0.8935914039611816,
                0.9139997363090515
            ],
            [
                0.903144359588623,
                0.8837573528289795,
                0.8860006332397461,
                0.8711794018745422,
                0.8949517607688904,
                0.8950542211532593,
                1.0,
                0.8907667398452759,
                0.8923210501670837,
                0.8902397155761719,
                0.893947184085846,
                0.8802645802497864,
                0.892831027507782
            ],
            [
                0.9050918221473694,
                0.9061868190765381,
                0.8926383256912231,
                0.8995105028152466,
                0.8721197247505188,
                0.878084659576416,
                0.8907667398452759,
                1.0,
                0.8791294693946838,
                0.9098250865936279,
                0.8785470128059387,
                0.8715641498565674,
                0.8965500593185425
            ],
            [
                0.9038296937942505,
                0.8973507881164551,
                0.8949014544487,
                0.9010395407676697,
                0.9164407253265381,
                0.9213212132453918,
                0.8923210501670837,
                0.8791294693946838,
                1.0,
                0.9195115566253662,
                0.9304706454277039,
                0.8960237503051758,
                0.9164596199989319
            ],
            [
                0.9192883968353271,
                0.9009020924568176,
                0.8871825337409973,
                0.916020929813385,
                0.9129072427749634,
                0.9189680218696594,
                0.8902397155761719,
                0.9098250865936279,
                0.9195115566253662,
                1.0,
                0.9293282628059387,
                0.9006491899490356,
                0.9366075396537781
            ],
            [
                0.9283841252326965,
                0.8948574066162109,
                0.8816244006156921,
                0.9098296761512756,
                0.9160520434379578,
                0.9432868957519531,
                0.893947184085846,
                0.8785470128059387,
                0.9304706454277039,
                0.9293282628059387,
                1.0,
                0.8948290944099426,
                0.9321863651275635
            ],
            [
                0.8821811676025391,
                0.866818368434906,
                0.8757333755493164,
                0.8778800368309021,
                0.8773214817047119,
                0.8935914039611816,
                0.8802645802497864,
                0.8715641498565674,
                0.8960237503051758,
                0.9006491899490356,
                0.8948290944099426,
                1.0,
                0.9114134907722473
            ],
            [
                0.9201887249946594,
                0.893363356590271,
                0.8920607566833496,
                0.9286639094352722,
                0.9111283421516418,
                0.9139997363090515,
                0.892831027507782,
                0.8965500593185425,
                0.9164596199989319,
                0.9366075396537781,
                0.9321863651275635,
                0.9114134907722473,
                1.0
            ]
        ]
    },
    "Linear MCP Server": {
        "descriptions": [
            "Provides a Model Context Protocol interface for accessing Linear's issue tracking system, enabling users to query and search issues with TypeScript type safety and robust error handling.",
            "A Model Context Protocol server that allows Claude to interact with Linear's API for managing teams, issues, projects, and cycles.",
            "A Model Context Protocol server that enables large language models to interact with Linear's issue tracking system, allowing management of issues, projects, teams, and other Linear resources.",
            "Facilitates project management with the Linear API via the Model Context Protocol, allowing users to manage initiatives, projects, issues, and their relationships through features like creation, viewing, updating, and prioritization.",
            "A Model Context Protocol server that integrates with Linear, enabling AI assistants to create, update, search, and comment on issues for project management and issue tracking.",
            "A Deno implementation that enables AI models to interact with Linear issue tracking functionality, supporting searching issues, reading details, updating, and commenting.",
            "Enables interaction with Linear's API for managing issues, teams, and projects programmatically through the Model Context Protocol.",
            "Provides tools to interact with the Linear API, allowing users to fetch tasks, task details, teams, and users from their Linear workspace.",
            "A Model Context Protocol server that integrates with Linear's issue tracking system, allowing LLMs to create, update, search, and comment on Linear issues through natural language interactions.",
            "Allows LLMs to integrate with Linear's issue tracking system, enabling them to create, update, search, and comment on issues through the Linear API.",
            "A Model Context Protocol server implementation that enables AI assistants to interact with Linear project management systems, allowing them to create, retrieve, and modify data related to issues, projects, teams, and users.",
            "Enables AI agents to manage issues, projects, and teams on the Linear platform programmatically.",
            "Enables interaction with Linear resources through an MCP interface, offering functionality for issue management and resource retrieval with rate limiting and error handling support."
        ],
        "links": [
            "https://glama.ai/mcp/servers/@cosmix/linear-mcp",
            "https://glama.ai/mcp/servers/@cpropster/linear-mcp-server",
            "https://glama.ai/mcp/servers/@magarcia/mcp-server-linearapp",
            "https://glama.ai/mcp/servers/@samcfinan/linear-mcp-server",
            "https://glama.ai/mcp/servers/@vinayak-mehta/linear-mcp",
            "https://glama.ai/mcp/servers/@scoutos/mcp-linear",
            "https://glama.ai/mcp/servers/@tiovikram/linear-mcp",
            "https://glama.ai/mcp/servers/@Tyru5/linear-mcp",
            "https://glama.ai/mcp/servers/@jerhadf/linear-mcp-server",
            "https://glama.ai/mcp/servers/@gerbal/linear-mcp-server-1",
            "https://glama.ai/mcp/servers/@emmett-deen/Linear-MCP-Server",
            "https://glama.ai/mcp/servers/@ibraheem4/linear-mcp",
            "https://glama.ai/mcp/servers/@Iwark/linear-mcp-server"
        ],
        "avg_score": 0.9077543478745681,
        "matrix": [
            [
                1.0,
                0.8984046578407288,
                0.9052758812904358,
                0.8841872215270996,
                0.9045858979225159,
                0.8863696455955505,
                0.8958775997161865,
                0.8842250108718872,
                0.9074566960334778,
                0.8964790105819702,
                0.8883948922157288,
                0.8705434799194336,
                0.8893893361091614
            ],
            [
                0.8984046578407288,
                1.0,
                0.9424315094947815,
                0.9058361649513245,
                0.9211904406547546,
                0.8935602903366089,
                0.9420455694198608,
                0.9102293252944946,
                0.9123740792274475,
                0.8918339014053345,
                0.9278767108917236,
                0.903968334197998,
                0.877219021320343
            ],
            [
                0.9052758812904358,
                0.9424315094947815,
                1.0,
                0.8973161578178406,
                0.917248547077179,
                0.8975090384483337,
                0.920976459980011,
                0.90255206823349,
                0.9252914786338806,
                0.9008833765983582,
                0.9263203144073486,
                0.8993389010429382,
                0.8795573711395264
            ],
            [
                0.8841872215270996,
                0.9058361649513245,
                0.8973161578178406,
                1.0,
                0.9026647210121155,
                0.8863192200660706,
                0.9202784895896912,
                0.8943223357200623,
                0.8914492726325989,
                0.8919228315353394,
                0.9010486006736755,
                0.8914374709129333,
                0.8809265494346619
            ],
            [
                0.9045858979225159,
                0.9211904406547546,
                0.917248547077179,
                0.9026647210121155,
                1.0,
                0.9146263599395752,
                0.9010432362556458,
                0.8867691159248352,
                0.9459724426269531,
                0.9254390001296997,
                0.9272392988204956,
                0.8929575681686401,
                0.8803432583808899
            ],
            [
                0.8863696455955505,
                0.8935602903366089,
                0.8975090384483337,
                0.8863192200660706,
                0.9146263599395752,
                1.0,
                0.8810204267501831,
                0.8951311707496643,
                0.9058707356452942,
                0.9084504842758179,
                0.90943443775177,
                0.8831284642219543,
                0.883003830909729
            ],
            [
                0.8958775997161865,
                0.9420455694198608,
                0.920976459980011,
                0.9202784895896912,
                0.9010432362556458,
                0.8810204267501831,
                1.0,
                0.9065972566604614,
                0.8957091569900513,
                0.8952201008796692,
                0.9063428640365601,
                0.9285680651664734,
                0.8976622223854065
            ],
            [
                0.8842250108718872,
                0.9102293252944946,
                0.90255206823349,
                0.8943223357200623,
                0.8867691159248352,
                0.8951311707496643,
                0.9065972566604614,
                1.0,
                0.8874693512916565,
                0.904779314994812,
                0.8992437124252319,
                0.8947089314460754,
                0.8775146007537842
            ],
            [
                0.9074566960334778,
                0.9123740792274475,
                0.9252914786338806,
                0.8914492726325989,
                0.9459724426269531,
                0.9058707356452942,
                0.8957091569900513,
                0.8874693512916565,
                1.0,
                0.9413698315620422,
                0.9101898074150085,
                0.8773903250694275,
                0.8676050305366516
            ],
            [
                0.8964790105819702,
                0.8918339014053345,
                0.9008833765983582,
                0.8919228315353394,
                0.9254390001296997,
                0.9084504842758179,
                0.8952201008796692,
                0.904779314994812,
                0.9413698315620422,
                1.0,
                0.8936029672622681,
                0.88177490234375,
                0.8765797019004822
            ],
            [
                0.8883948922157288,
                0.9278767108917236,
                0.9263203144073486,
                0.9010486006736755,
                0.9272392988204956,
                0.90943443775177,
                0.9063428640365601,
                0.8992437124252319,
                0.9101898074150085,
                0.8936029672622681,
                1.0,
                0.8987261652946472,
                0.8758445382118225
            ],
            [
                0.8705434799194336,
                0.903968334197998,
                0.8993389010429382,
                0.8914374709129333,
                0.8929575681686401,
                0.8831284642219543,
                0.9285680651664734,
                0.8947089314460754,
                0.8773903250694275,
                0.88177490234375,
                0.8987261652946472,
                1.0,
                0.8807958364486694
            ],
            [
                0.8893893361091614,
                0.877219021320343,
                0.8795573711395264,
                0.8809265494346619,
                0.8803432583808899,
                0.883003830909729,
                0.8976622223854065,
                0.8775146007537842,
                0.8676050305366516,
                0.8765797019004822,
                0.8758445382118225,
                0.8807958364486694,
                1.0
            ]
        ]
    },
    "GitHub MCP Server": {
        "descriptions": [
            "A Model Context Protocol server that enables AI models to interact with GitHub's API, allowing for repository creation and management with descriptions, topics, and website URLs through natural language commands.",
            "Connects Claude Desktop to GitHub repositories, enabling users to perform git operations and GitHub API interactions through natural conversation.",
            "A Model Context Protocol server that enables LLM agents to manage GitHub repositories, issues, pull requests, branches, files, and releases through a standardized interface.",
            "An MCP server that enables Claude and other compatible LLMs to interact with the GitHub API, supporting features like creating issues, retrieving repository information, listing issues, and searching repositories.",
            "A Model Context Protocol server that enables AI assistants to perform GitHub operations including repository management, file operations, issue tracking, and pull request creation.",
            "Enables comprehensive GitHub operations through natural language including file management, repository administration, issue tracking, and advanced code searching.",
            "Enables interaction with GitHub through the GitHub API, supporting file operations, repository management, advanced search, and issue tracking with comprehensive error handling and automatic branch creation.",
            "Enables interaction with GitHub issues via the Model Context Protocol, allowing users to list and create issues with secure authentication.",
            "An MCP server that allows Claude and other MCP-compatible LLMs to interact with the GitHub API, supporting features like creating issues, getting repository information, listing issues, and searching repositories.",
            "A Model Context Protocol server that enables AI assistants like Claude to interact with GitHub repositories, issues, and pull requests.",
            "A modular command processor server that enables interaction with GitHub's REST API to fetch user details, repository information, and authenticated user data through natural language commands in Claude.",
            "Provides tools for interacting with GitHub's API through the MCP protocol, allowing users to create repositories, push content, and retrieve user information."
        ],
        "links": [
            "https://glama.ai/mcp/servers/@PoliTwit1984/github-meta-mcp-server",
            "https://glama.ai/mcp/servers/@shibdad/github-mcp-server",
            "https://glama.ai/mcp/servers/@cyanheads/github-mcp-server",
            "https://glama.ai/mcp/servers/@ualUsham/mcp-github",
            "https://glama.ai/mcp/servers/@renantrendt/mcp-github",
            "https://glama.ai/mcp/servers/@tuanle96/mcp-github",
            "https://glama.ai/mcp/servers/@asbloom-py/mcp-servers",
            "https://glama.ai/mcp/servers/@timbuchinger/mcp-github",
            "https://glama.ai/mcp/servers/@alsonwangkhem/github-mcp-2",
            "https://glama.ai/mcp/servers/@Jehan26/MCP-Inspector-v0.6.0",
            "https://glama.ai/mcp/servers/@DivyanshKushwaha/GitHub-MCP-Server-Claude",
            "https://glama.ai/mcp/servers/@oghenetejiriorukpegmail/github-mcp"
        ],
        "avg_score": 0.9055035760005316,
        "matrix": [
            [
                1.0,
                0.8922858238220215,
                0.9133318066596985,
                0.8935741186141968,
                0.9221951365470886,
                0.886625349521637,
                0.8882924914360046,
                0.9003822207450867,
                0.8917382955551147,
                0.9265390038490295,
                0.9126600623130798,
                0.9031607508659363
            ],
            [
                0.8922858238220215,
                1.0,
                0.875744104385376,
                0.8809170722961426,
                0.8820912837982178,
                0.8856164813041687,
                0.8914772272109985,
                0.8927881717681885,
                0.8794301152229309,
